113.75,
126.25,
75.12,
66.39,
105.57,
7.71,
63.89,
73.85,
78.27,
72.52,
9.44,
43.99,
9.76,
60.37,
88.14,
38.77,
129.86,
116.19,
28.70,
83.74,
56.83,
6.56,
13.74,
23.39,
78.65,
86.09,
112.99,
125.90,
122.95,
109.22,
103.41,
104.55,
48.26,
40.84,
126.81,
120.55,
15.69,
57.10,
116.49,
47.06,
12.97,
122.32,
61.73,
122.98,
57.80,
49.34,
92.12,
91.54,
115.68,
71.31,
41.99,
129.75,
51.27,
32.95,
89.75,
18.12,
54.82,
85.77,
108.03,
63.08,
127.31,
102.13,
101.30,
53.82,
28.22,
13.51,
115.25,
22.20,
61.32,
25.21,
84.99,
62.56,
38.08,
41.68,
47.39,
109.85,
132.97,
101.53,
122.04,
19.31,
48.57,
21.54,
78.32,
32.12,
130.83,
43.99,
80.37,
63.55,
57.37,
17.51,
95.94,
125.23,
91.18,
110.72,
15.07,
101.87,
18.70,
28.21,
79.26,
77.83,
97.33,
80.56,
92.62,
26.27,
96.42,
114.87,
7.35,
116.44,
103.18,
102.80,
60.76,
20.13,
77.49,
73.39,
52.04,
141.51,
129.02,
61.43,
115.49,
92.98,
109.25,
37.80,
61.33,
65.39,
120.62,
16.08,
10.41,
123.99,
83.81,
120.39,
6.63,
121.06,
22.83,
67.95,
107.09,
47.17,
65.80,
84.79,
84.45,
71.83,
62.99,
41.23,
24.48,
134.94,
98.37,
27.65,
29.57,
108.06,
44.22,
38.24,
91.20,
21.41,
68.87,
84.98,
80.29,
45.06,
111.19,
101.81,
120.76,
129.99,
94.94,
25.19,
136.15,
30.75,
20.67,
92.17,
60.58,
96.81,
55.03,
115.31,
138.71,
7.72,
23.35,
54.71,
68.49,
94.39,
101.84,
99.92,
124.56,
111.74,
36.01,
31.98,
93.20,
139.45,
92.67,
85.57,
39.87,
30.57,
87.40,
76.90,
88.76,
100.45,
68.38,
127.83,
127.47,
117.37,
121.34,
73.51,
10.43,
51.79,
105.20,
11.11,
118.21,
75.23,
108.25,
115.72,
13.24,
53.96,
124.04,
27.83,
105.05,
75.35,
8.77,
16.50,
107.62,
89.40,
77.67,
122.40,
102.35,
48.51,
56.69,
90.43,
101.03,
21.69,
132.83,
13.87,
96.26,
114.81,
103.53,
93.54,
134.20,
45.08,
33.94,
34.38,
66.82,
70.89,
118.88,
28.53,
129.31,
54.09,
111.19,
13.87,
137.05,
137.66,
67.56,
84.15,
90.70,
127.30,
46.90,
31.88,
51.64,
7.14,
137.63,
135.28,
83.62,
99.91,
127.63,
127.83,
39.46,
66.01,
129.03,
98.09,
65.50,
58.01,
13.04,
59.17,
78.49,
44.28,
133.29,
11.39,
7.58,
124.55,
72.51,
37.28,
124.94,
125.96,
138.80,
66.99,
103.54,
92.56,
10.12,
38.52,
107.05,
8.33,
110.40,
23.61,
35.63,
39.06,
13.67,
95.71,
119.35,
67.24,
64.20,
123.42,
136.97,
41.74,
114.51,
176.26,
22.80,
80.35,
74.09,
85.81,
118.87,
48.88,
112.56,
27.02,
22.55,
43.60,
133.81,
18.89,
52.38,
105.14,
80.01,
106.60,
58.23,
81.67,
92.85,
91.88,
91.85,
99.09,
39.97,
19.33,
106.34,
34.15,
85.35,
82.93,
39.65,
52.64,
48.35,
113.89,
97.49,
83.46,
97.63,
122.63,
81.75,
44.15,
106.77,
58.17,
125.92,
104.20,
69.08,
36.39,
14.26,
113.45,
131.17,
100.67,
56.72,
55.78,
115.85,
25.34,
96.18,
61.51,
63.83,
75.80,
104.98,
94.24,
99.36,
45.91,
102.78,
39.85,
77.83,
109.65,
56.97,
89.29,
62.62,
84.14,
35.94,
114.35,
66.72,
75.50,
16.50,
15.77,
137.08,
38.46,
26.93,
33.68,
90.76,
11.30,
93.52,
128.43,
109.40,
7.84,
137.07,
78.62,
71.38,
49.88,
26.86,
91.88,
110.90,
128.52,
32.91,
115.38,
97.23,
117.73,
28.91,
52.57,
47.39,
32.29,
135.99,
137.01,
113.41,
58.15,
29.51,
58.98,
37.12,
117.70,
52.49,
78.17,
132.76,
84.32,
12.10,
94.42,
23.37,
45.83,
136.54,
105.80,
82.33,
13.85,
124.69,
131.48,
135.06,
36.52,
40.69,
123.22,
36.12,
25.98,
13.16,
74.54,
9.08,
120.03,
43.30,
85.54,
22.28,
22.71,
30.20,
33.49,
50.79,
85.48,
94.69,
25.86,
10.64,
36.81,
120.21,
51.36,
80.35,
96.86,
134.21,
93.29,
35.07,
90.66,
78.11,
132.24,
119.57,
9.06,
39.41,
91.09,
23.96,
100.37,
58.69,
54.51,
46.22,
96.99,
32.27,
91.81,
76.56,
127.68,
97.50,
11.30,
59.69,
116.72,
7.30,
78.99,
120.27,
80.42,
78.27,
96.99,
102.41,
42.86,
76.94,
39.34,
77.73,
114.60,
129.71,
19.30,
65.94,
75.20,
67.84,
16.41,
54.76,
31.10,
126.82,
50.23,
137.51,
123.59,
51.44,
80.17,
76.85,
107.84,
109.75,
99.77,
73.44,
134.29,
92.96,
112.28,
77.47,
56.96,
116.19,
15.06,
76.73,
46.59,
20.54,
105.02,
98.60,
30.87,
34.43,
71.75,
65.78,
57.80,
109.41,
122.33,
66.96,
23.99,
80.64,
41.43,
110.08,
41.13,
113.09,
16.64,
110.32,
95.06,
130.13,
62.14,
137.33,
52.57,
132.28,
103.22,
135.81,
14.71,
134.29,
21.54,
123.01,
135.63,
60.66,
42.63,
66.21,
115.80,
52.51,
126.29,
62.91,
105.30,
44.42,
64.61,
108.79,
22.82,
132.79,
112.62,
59.34,
44.58,
32.10,
45.50,
106.41,
97.99,
89.21,
123.26,
82.66,
137.00,
54.90,
134.95,
94.89,
12.79,
16.38,
48.85,
134.10,
33.18,
70.05,
29.61,
22.61,
29.46,
132.44,
9.75,
100.84,
122.98,
8.15,
66.03,
23.02,
31.03,
76.06,
7.60,
6.76,
132.66,
57.86,
53.91,
109.18,
66.89,
126.19,
113.22,
82.77,
17.98,
105.22,
94.66,
20.03,
29.59,
58.34,
87.30,
115.73,
35.95,
17.06,
33.78,
34.41,
23.89,
89.02,
32.25,
135.95,
69.11,
28.03,
77.30,
124.35,
19.39,
135.59,
123.61,
56.16,
26.20,
39.13,
60.06,
11.01,
52.47,
27.44,
20.62,
22.63,
45.39,
113.86,
49.31,
64.42,
44.95,
14.46,
49.17,
134.43,
67.17,
91.44,
121.48,
18.38,
46.04,
54.76,
19.87,
64.78,
34.36,
89.94,
66.81,
65.68,
126.83,
61.70,
119.74,
84.50,
77.39,
43.75,
103.71,
60.66,
126.44,
11.11,
119.40,
120.31,
28.17,
111.83,
107.62,
101.92,
121.35,
110.92,
33.83,
17.66,
69.71,
113.71,
65.12,
87.74,
32.59,
93.12,
91.87,
94.42,
113.81,
96.03,
108.45,
86.64,
79.96,
38.21,
106.54,
18.81,
70.40,
31.11,
74.18,
18.76,
25.73,
32.52,
35.97,
19.51,
47.23,
47.90,
129.57,
68.78,
106.22,
13.34,
82.69,
47.68,
106.87,
65.84,
63.80,
61.85,
75.77,
25.20,
120.26,
57.76,
35.08,
32.35,
54.21,
26.72,
86.85,
37.22,
54.32,
124.63,
56.56,
37.01,
46.42,
23.88,
105.55,
62.78,
137.31,
132.03,
43.59,
46.74,
20.76,
108.27,
107.00,
124.50,
7.43,
110.92,
41.30,
134.31,
44.38,
69.78,
79.93,
112.58,
14.23,
68.97,
134.70,
14.71,
54.29,
105.97,
29.11,
32.80,
71.02,
84.28,
31.48,
69.48,
34.42,
96.89,
76.95,
74.77,
63.23,
9.88,
124.42,
131.24,
21.77,
78.09,
33.79,
132.09,
117.55,
118.11,
97.59,
12.26,
65.36,
98.67,
44.62,
133.65,
106.06,
115.09,
76.92,
96.86,
15.70,
38.92,
33.25,
8.82,
24.59,
53.09,
18.83,
79.12,
137.79,
101.23,
129.68,
29.50,
7.31,
84.25,
84.31,
113.30,
44.86,
30.34,
48.31,
28.03,
65.27,
37.40,
17.72,
136.97,
89.65